42.1680 73.7550
41.7840 72.0500
44.1320 75.5250
40.8000 70.0230
42.8960 79.9690
42.0730 76.9560
38.5030 73.8210
47.8820 80.1350
41.7950 78.5420
41.5570 72.1450
42.8850 76.8540
40.9420 78.4510
40.7170 75.9670
43.4270 79.8510
39.8770 78.9660
39.1960 75.8990
41.3620 71.4600
42.3130 76.1670
39.4210 72.2580
43.9080 77.7630
40.3310 74.2440
42.7900 77.6030
41.1020 70.0820
41.8600 77.7500
41.6930 76.6650
46.6490 79.6570
40.8380 74.8270
41.2440 72.9820
40.0750 73.5380
42.7000 73.4940
43.3100 78.1480
43.0590 76.9660
41.3830 73.9330
40.6430 80.3930
43.8970 77.1140
39.5130 73.2680
39.7770 78.5400
45.0690 73.9800
42.0080 77.6160
41.5760 75.0190
41.0790 75.0830
42.9570 75.6570
42.8180 75.7950
40.3570 70.5240
40.6460 75.0300
45.1370 79.4160
40.7570 75.4260
42.7680 73.2120
49.0380 83.9840
41.6480 73.2350
43.7770 71.2830
41.4950 71.7920
42.5690 70.5200
40.0480 70.7650
41.1860 75.0200
38.6620 74.9510
42.2610 79.0530
42.8110 76.4320
42.7490 75.7290
42.0140 71.7210
40.1990 72.0900
40.6860 75.7500
43.5840 78.8780
41.5270 77.7390
43.2670 77.8450
43.5290 78.3730
42.7190 77.0750
43.2710 78.9760
41.3340 76.0520
43.4230 74.0020
42.9990 74.7510
41.9660 72.8750
43.1370 78.4570
40.7820 75.0410
39.5730 72.2860
43.2450 75.7660
41.2450 76.4980
41.8960 73.9560
40.9870 74.4690
40.9250 73.6190
43.3800 79.8770
43.4320 78.6680
41.4760 74.3660
43.0050 76.3670
42.0700 76.7420
41.8200 76.4680
42.6180 74.2150
42.6240 75.0510
41.8210 74.4520
41.4940 76.4220
43.0610 80.3080
48.2210 84.9310
38.8530 75.4790
43.6640 78.7870
42.1710 76.7250
43.0390 78.9210
43.5460 78.6210
42.0710 77.1390
43.4710 87.1770
49.8280 83.5900
42.6410 76.7670
42.4260 73.8020
42.4930 73.0670
39.6540 73.7960
43.9530 78.1880
42.0150 79.0700
41.6010 78.2100
43.2610 77.4900
42.9080 71.5260
41.5330 70.8040
43.2540 78.6810
42.2970 78.2740
39.4970 76.7340
43.0110 75.3340
40.6370 73.6860
43.1040 78.2240
42.1050 75.6450
49.0130 70.0190
49.4070 73.6600
46.9080 74.5710
45.7550 73.5530
49.1940 78.4060
49.3850 76.0640
47.8520 75.8440
49.0650 80.0470
49.5280 81.6090
41.1730 76.1010
42.8060 72.9040
42.3060 76.3970
39.7140 78.0370
40.5030 79.0350
41.7330 76.7760
39.9590 70.9630
38.9570 73.4600
42.3000 75.4430
43.0450 75.9670
41.1320 76.8400
42.7400 80.0080
42.2020 71.5790
42.7590 76.0570
37.2580 77.9060
42.5930 72.3670
43.4000 80.3550
44.3800 73.6720
40.3620 72.2970
42.2040 74.0660
38.6560 76.4630
41.0010 73.1900
41.6950 72.8940
39.6780 72.7350
41.7370 74.9280
41.9020 76.2050
42.2570 75.1460
43.2710 70.2220
41.0180 75.5500
39.7420 70.9750
39.8750 71.4640
43.0240 78.8250
41.8920 76.4080
43.4520 78.6460
46.9590 79.8850
49.4120 84.9590
40.9180 76.5200
41.8080 73.8810
42.1660 79.0920
41.7810 76.0720
48.7970 85.0660
39.4940 71.9040
41.1220 76.4340
43.4830 78.1610
43.0270 79.9260
41.4870 75.0480
40.7340 76.4430
41.3440 73.6670
44.5920 77.7440
39.5170 75.9230
47.6700 83.9980
42.7830 70.9400
42.6190 76.3870
45.7850 73.3850
42.8950 76.1980
43.6300 79.8580
41.7490 75.7610
40.8160 76.2980
41.6690 70.6010
41.3580 75.5690
43.3790 75.0860
43.2530 72.8320
43.8940 76.3390
42.0920 75.1350
39.3790 73.3230
40.5230 75.9770
43.5220 78.3140
29.6570 91.1040
41.5720 73.2210
38.9040 77.6240
44.2250 78.5010
43.1550 76.4780
40.0350 70.1570
42.5240 73.3410
42.2480 73.0450
42.7570 79.3230
41.6690 75.0380
41.1290 76.5720
39.0240 74.4270
42.4390 78.1120
38.1370 73.7960
42.1750 73.3180
41.4460 76.2550
42.5990 80.0000
41.8750 75.7300
42.2480 77.9460
42.4060 78.2380
42.6650 79.2100
43.0130 78.2840
41.8200 74.6900
40.8800 73.7630
43.1390 79.2100
42.6840 78.3740
41.4330 75.8490
42.0400 74.5490
41.5770 75.9830
42.4400 77.9180
40.5220 72.7430
42.2350 73.2010
41.6550 75.8270
40.4360 74.0760
40.8480 75.1300
43.9940 80.0400
42.3960 79.0600
43.7560 80.2280
37.5590 78.2460
43.2080 78.0760
43.3280 79.4850
42.6800 74.6940
42.5470 78.2920
42.7210 78.9260
42.6200 78.8610
40.5780 75.0880
41.2880 73.6270
40.0940 75.4040
40.8440 76.9780
41.9120 74.2520
46.1210 82.3060
43.1740 75.1950
41.9640 79.1420
41.7260 74.7420
42.1210 79.0660
41.7600 75.3700
41.6970 75.7320
39.8640 70.3910
42.7060 72.6670
42.5480 78.9060
42.5230 76.1030
42.9050 79.7400
42.2500 76.7150
49.4710 82.5500
41.6970 70.8810
49.1930 85.7940
40.7740 71.7010
42.7510 78.9720
42.5260 70.0240
43.0570 78.4080
39.4390 72.2480
42.5030 80.1170
47.3810 81.1860
42.0520 74.1530
43.1790 77.0170
42.2750 76.0450
43.9000 78.7420
43.4300 78.8130
42.6220 75.3970
38.4120 77.2480
39.8610 72.0800
43.2510 80.4870
43.6900 78.9360
42.4540 71.5320
42.8680 79.3040
41.3020 72.7890
42.0950 77.9590
42.4100 72.9200
42.6040 79.3220
42.2460 76.3540
49.5410 83.4910
40.4760 75.7720
41.9180 77.6270
41.9140 75.4230
42.6440 73.9010
42.7860 78.3070
43.2270 78.2750
42.3490 77.8900
42.1280 75.8140
43.4330 78.2260
39.8060 76.5120
42.9060 80.4120
44.2080 73.9970
42.2060 73.5550
39.7320 73.2570
42.4460 72.2100
44.2380 73.6570
42.1370 77.5530
37.7750 75.2340
42.1370 76.5940
44.8550 78.8420
41.7850 73.3330
46.0810 80.8660
41.5390 71.1460
41.5110 74.7220
40.8890 75.2630
42.3550 75.8370
42.1570 77.0520
41.8950 73.1600
42.1760 77.3110
40.5780 75.3830
45.5140 80.1260
42.0550 74.7900
42.4150 78.9480
43.0290 79.2970
43.3150 77.6420
40.5170 75.3880
42.3200 73.8240
40.2120 71.2030
42.6320 78.5090
40.5690 73.3340
42.2800 70.2540
41.9340 75.9590
42.8580 78.9260
42.3460 75.0800
39.8420 74.3360
42.3540 71.9580
42.1100 76.3380
43.8080 87.6010
45.7390 77.9690
41.2190 73.4780
44.4780 79.5320
41.9360 74.9290
41.0690 74.7800
43.1440 79.0220
41.9800 72.4980
42.0310 77.8630
42.5460 79.3920
42.8980 78.8330
42.1850 76.3360
42.2210 74.9990
42.0400 76.7440
42.0210 76.9810
39.3110 75.5100
39.7180 75.2500
41.2020 79.2100
38.9350 76.1740
41.9790 75.7410
41.3350 73.2070
49.9340 82.3220
47.4340 84.8560
41.0920 75.0090
38.1740 77.2770
49.6190 80.8890
42.3020 74.3790
47.6110 82.5660
26.9650 88.9360
27.0100 88.7910
26.8810 88.7530
26.7510 88.7380
27.0240 88.7020
26.8890 88.5690
26.7110 88.3500
26.8830 88.1850
29.1780 83.9530
30.4450 86.9040
32.0470 81.9260
29.5340 84.0430
28.3570 86.9400
27.9580 86.8130
45.8040 106.2230
20.2630 85.7920
23.1290 79.8760
23.8150 86.4440
25.4520 78.6080
25.5660 91.8850
26.1530 91.6610
26.2200 94.4750
26.6180 92.7800
26.8490 89.3920
26.8910 80.9430
27.2700 92.4150
27.3650 88.5690
28.4320 92.4390
28.4820 77.1260
28.5440 77.1720
29.5410 94.8920
29.7270 97.7780
29.8480 78.6800
30.0950 77.9790
30.1910 78.1870
30.2760 77.6300
30.2850 77.9740
30.2980 79.0900
30.3290 77.8600
30.3290 78.0120
30.3290 79.1940
30.3420 78.1550
30.3940 78.3680
30.4590 78.0210
30.7430 79.4930
30.8060 78.6170
31.0370 78.7540
31.4790 75.9380
31.5380 76.3070
31.6340 76.8150
31.8970 76.2940
31.9190 76.6730
32.0670 77.1080
32.2480 76.3070
32.3040 75.8810
32.3170 77.1920
32.3640 77.9210
32.5360 75.9930
32.5650 75.3630
32.6340 77.1750
32.6980 76.6890
32.7980 77.4250
33.2090 78.6600
33.9720 77.8080
34.1300 77.6130
34.7100 77.5760
28.0300 82.2470
27.7450 85.7940
27.7860 82.5400
27.5070 83.4180
27.9510 82.5040
29.3340 80.6020
28.8240 81.3530
27.3160 85.0080
27.6350 86.2300
28.7810 83.7180
27.5680 82.7850
28.0100 82.0950
28.6130 81.1160
27.6860 86.7260
28.9630 80.1480
28.2490 82.3470
28.1340 81.5750
27.5750 85.3980
28.0150 85.2220
29.5270 80.7210
29.0120 80.6360
28.5830 81.6340
29.9670 81.8260
28.4070 81.6910
28.1710 85.3290
27.6780 84.4300
26.7110 85.9250
29.1180 87.5770
28.3000 86.0200
28.1990 83.9780
28.0630 82.5730
29.4400 85.2100
27.8740 83.5540
24.8820 102.7970
40.9840 100.2010
22.0490 95.2860
28.8720 105.4140
25.6080 100.2550
36.6010 101.7740
22.0600 96.5350
24.8680 94.5080
25.1090 94.3600
24.2580 94.2900
25.6520 94.1990
24.3840 94.1460
25.7180 94.0350
25.2610 94.0130
24.3630 94.0090
24.7490 93.9250
24.8170 93.7850
24.3440 93.6790
24.3310 93.6240
24.8210 93.5590
23.4800 93.3130
24.7960 93.1280
23.6110 93.0870
23.2020 93.0820
23.1290 93.0640
23.1750 92.9010
24.8140 92.8690
23.3290 92.8560
23.7240 92.7320
24.3710 92.7310
23.3060 92.6850
23.9430 92.4900
37.4130 86.3800
37.3360 86.3270
37.2130 86.3330
37.2320 86.3090
36.9940 86.2640
36.5750 86.3170
36.4280 86.2500
36.2530 86.0560
36.0260 86.1190
35.6570 86.2830
35.8530 86.0560
37.8710 85.6460
37.6810 86.0110
37.6200 86.1670
37.5810 86.1760
38.4660 85.6770
38.4090 89.9260
37.1240 85.1430
38.4090 89.9050
38.9680 89.0560
39.0300 88.1530
39.4460 88.2650
39.0270 88.8490
39.2410 88.8990
37.3800 97.3780
37.8870 91.8210
38.3760 90.4180
38.3910 89.9680
37.0570 85.1440
31.4690 92.0360
34.2140 92.4470
37.5820 85.4280
32.7790 78.9730
34.1280 77.6000
37.5400 74.8280
37.8360 74.1850
38.1460 73.6380
38.5600 73.6180
39.2260 73.4270
37.7930 73.4150
38.9020 73.2800
37.4610 73.1200
38.5540 73.1060
34.5720 71.9330
38.0950 71.9230
35.2720 71.8520
38.5180 71.6750
38.0030 71.6630
36.7300 71.6120
36.0010 71.6080
34.0040 71.4870
39.2410 71.3370
38.8960 70.9460
39.2240 70.8510
38.8690 70.0560
34.5680 77.6190
34.7270 77.5670
34.0310 78.1780
33.1910 78.7040
25.4100 91.8400
26.1400 91.7400
25.2300 91.4400
25.5700 91.8600
40.3200 107.0000
38.4800 107.2300
36.7700 107.1900
35.2900 107.3900
34.4300 107.5800
34.4700 107.3800
34.0700 107.6400
34.0900 107.2900
39.9200 106.7500
39.6800 106.8100
39.7500 105.7600
39.0300 106.1200
39.0700 106.4800
38.7900 106.6900
38.7400 106.2000
38.5500 106.5600
38.4400 105.7000
37.8100 106.3500
37.4500 106.6800
40.3000 105.8400
40.8500 105.1000
39.3600 105.7700
39.1700 106.9200
38.8900 106.4400
38.7600 105.3900
34.2600 107.6800
29.7000 89.2400
38.0500 105.1300
37.5400 105.8900
37.5200 105.5500
37.5800 105.1800
37.3600 105.6700
37.2400 105.2200
36.9700 105.8800
36.9300 105.2700
36.8400 106.3600
36.6300 106.1000
36.6600 105.2500
36.5100 105.6200
36.2800 105.9800
36.5000 105.2900
36.2800 105.6200
36.1000 106.6500
36.0200 106.2200
35.9600 105.8000
36.0900 104.9600
35.6700 106.2000
35.7300 105.0100
35.6000 106.1200
35.6100 105.5000
35.4600 106.5800
35.4600 106.4000
35.4100 105.0200
35.2400 106.5300
35.1700 106.0100
35.0800 105.7900
35.0100 106.2100
34.8900 106.8200
34.8700 105.6500
34.7500 106.1600
34.7900 105.3700
34.5200 106.4000
34.5900 105.7000
34.4300 107.1400
34.2500 105.8100
41.9600 101.0600
40.2800 99.0700
40.7400 104.5100
40.1600 104.8100
39.7200 100.1500
39.6100 100.7900
39.4100 102.7800
39.2200 101.6600
39.2400 100.3200
39.1300 102.5700
38.8500 103.3600
38.8800 100.7300
38.7200 101.1900
38.5400 103.1900
38.6100 100.3500
38.1600 101.3500
38.4200 102.8900
38.4300 102.1500
38.3000 101.7400
38.3500 100.8300
38.2800 102.1100
38.1400 102.2600
38.1800 100.2400
37.7800 102.6400
37.9600 102.3200
37.9700 100.9400
37.5100 102.6200
37.4500 104.3300
37.5600 103.3800
37.4400 102.8500
37.4600 101.4000
37.6100 100.4300
37.2400 104.0900
37.1500 102.9800
37.3200 102.0100
37.3100 100.1600
37.2200 100.4800
36.9100 104.6300
36.8900 103.1600
36.9800 101.6300
36.8900 102.5600
36.8800 101.0100
36.7100 103.2500
36.7000 101.2400
36.4300 104.7400
36.6600 104.3600
36.5000 102.3800
36.4900 101.5400
36.6200 100.2700
37.1500 103.4400
36.4900 103.9900
36.3300 102.8900
36.4000 100.9600
36.1500 103.4200
36.2100 101.9900
36.2200 100.5500
36.1200 102.2600
36.0000 103.9900
36.4500 101.1100
35.9300 103.3300
35.9200 102.0300
36.0800 101.4400
35.8800 104.1600
35.8800 102.7900
35.8400 102.5400
35.5400 104.5500
35.5700 103.2100
35.5400 102.0500
34.9500 106.6800
35.3800 103.8400
35.4100 103.3400
35.2600 102.8100
35.0400 104.1000
35.1200 102.4400
35.0500 104.5400
35.2900 103.7100
34.9500 102.8900
34.8500 104.4800
34.7100 104.9400
34.4700 104.9100
41.8500 97.0500
41.0700 95.4600
40.6400 96.7100
40.2700 97.6800
40.2900 97.0800
40.0300 97.4400
40.0400 96.7500
40.0800 95.7100
39.9100 98.8900
39.7000 99.6000
38.7000 102.3200
39.7100 98.5000
39.8400 98.1900
39.8500 97.9200
39.5700 97.7000
39.9000 96.7500
38.9300 101.1400
39.4100 98.8000
39.1500 99.6100
39.1900 98.0000
39.7100 95.6100
38.8300 99.6200
38.9700 98.2700
38.4400 99.5600
37.9800 98.8500
37.5800 98.6600
37.1300 99.4900
37.3000 99.0100
37.3100 98.3400
37.3600 96.7000
36.6900 99.9000
36.8000 99.0700
36.9400 98.4600
40.5500 95.0000
40.1700 94.8100
39.7200 94.5500
39.6400 93.4900
39.5100 94.8600
39.2900 93.0000
38.8100 94.3600
37.9000 93.5000
38.2900 90.8000
38.7200 89.2000
42.2700 97.0500
41.8100 102.8800
41.2300 96.9200
39.9500 103.7300
39.3300 101.9700
39.9400 98.5500
39.6300 105.0900
39.6200 94.3300
39.4100 94.2600
39.4600 97.0900
39.1600 94.3100
39.2500 95.4600
38.8700 90.7300
38.9700 100.1700
38.7600 91.5000
38.7200 101.0100
38.6100 100.8700
38.5200 89.5600
38.5300 93.4200
38.4400 89.8700
38.3500 90.1000
38.2900 90.2700
38.4400 100.7400
38.1700 100.3400
38.1700 102.7500
38.0700 92.4200
38.1100 89.3400
38.0100 100.2400
37.8500 91.6800
37.6200 99.4100
37.4200 101.7300
37.6600 100.9000
37.0200 90.9200
37.2800 106.2200
37.2200 95.4800
37.1200 106.6200
36.9900 104.0500
36.9500 95.3700
36.8300 105.6400
36.7500 93.6200
37.0400 91.8900
36.5700 106.6800
36.4400 96.4500
36.2500 99.7700
36.0000 105.3700
35.7200 101.3600
35.3900 106.3400
35.2500 106.2100
35.2200 105.2000
35.2400 100.8100
35.1400 106.8100
35.0500 101.7100
34.7300 106.5600
34.5700 101.8800
40.5200 95.7600
40.1400 94.6800
35.5500 104.6000
37.4500 102.8900
39.4100 99.8100
35.5300 105.7600
37.1800 104.0600
39.8100 98.2200
35.0000 104.6500
36.0800 103.6700
34.0200 102.0600
38.4400 100.8200
38.6300 103.0900
34.4300 104.0200
35.5500 106.5900
34.7500 106.2100
34.4800 105.9100
33.4200 104.8200
27.9800 107.7300
26.5900 104.8600
33.9100 106.5100
33.8900 105.8100
34.1100 105.3100
33.6200 106.9200
33.7000 105.5900
33.7800 105.2900
33.3400 106.1500
33.4000 105.6300
32.9600 106.0200
32.5700 105.2300
32.4500 105.8300
32.0200 105.4600
34.7500 103.2500
34.4000 104.0700
34.5900 102.5000
34.0500 104.3800
34.1100 103.1500
34.0000 102.1300
33.7900 104.4000
33.9400 103.7300
33.0000 104.6200
32.9300 103.4300
33.5700 102.9900
33.4300 101.4800
32.9000 101.7100
33.0900 100.5900
32.5900 103.6100
32.7900 102.5000
32.4100 104.5700
32.1800 104.8300
32.3600 103.7300
31.8000 104.4400
32.0800 103.1700
31.8600 100.7300
31.7700 101.6100
32.3200 101.0700
32.2700 100.3300
31.4900 104.7800
31.3500 104.1900
31.4700 103.6100
31.8500 102.6700
31.4700 102.1000
31.1600 104.4400
31.0600 103.6900
31.0100 103.1500
30.9900 102.7700
30.9600 101.1600
31.6500 100.3000
31.3200 100.2400
30.7300 104.0800
30.6900 103.8700
30.4200 103.4100
30.2500 102.8400
31.1400 100.9300
30.9200 100.3100
29.9800 103.0000
30.0700 101.7900
30.0800 101.4900
30.1100 101.0200
30.0900 99.1700
29.7900 102.8200
29.8500 102.2900
29.8500 101.5600
29.7000 100.3900
29.6000 103.4700
29.3500 102.6600
29.6900 102.0800
30.3300 101.5200
29.1800 100.1200
29.2300 103.2600
29.2600 102.4400
28.9600 101.5200
28.8500 103.0400
28.9600 102.7700
28.6100 103.9800
28.3100 103.1200
28.6700 102.5300
28.3000 102.4400
28.5100 102.1300
28.2500 103.6400
28.0000 102.8300
27.8700 102.2300
27.6600 101.2400
27.7500 100.6500
27.7700 103.8900
27.6800 103.2700
27.6900 102.7900
27.3600 103.6900
27.3700 102.5500
27.4500 102.1900
27.5400 101.7100
27.1400 100.9300
27.1100 100.0600
26.9300 102.9100
26.6200 102.6100
26.6900 102.2600
26.8300 102.1000
27.0500 101.9600
26.6900 101.8500
26.6800 101.2400
26.5000 101.7500
26.6700 100.7600
26.5100 100.1600
26.4100 103.2300
25.9800 100.0900
25.8000 100.5600
24.6900 101.6300
24.3800 102.5800
24.1200 102.7500
23.7200 102.5000
23.8800 100.0900
23.4700 103.4000
23.7100 103.2800
23.2200 102.8400
23.0000 102.4000
22.9800 103.6900
22.5300 103.9300
22.7700 103.2200
22.5100 101.0600
21.9500 100.4500
31.6200 100.0100
29.6700 98.6000
29.2400 98.6900
28.8400 99.2500
29.0000 99.7400
28.3200 99.7600
28.4400 98.9100
27.8300 99.7100
27.6100 99.0300
27.7600 98.6700
27.1800 99.2900
26.4500 99.9300
26.4700 99.4400
26.5500 98.9200
26.1400 99.9900
25.8900 99.3700
25.9900 98.8100
25.7200 99.9200
25.4600 99.5300
25.6500 99.1100
25.0700 99.1500
24.8400 99.6400
24.8100 98.3000
24.7100 97.9400
24.2600 98.2900
24.0100 97.8600
34.7000 104.1900
34.2300 103.9000
34.0100 104.9400
33.4800 105.1100
31.2100 98.8100
31.0400 99.5800
43.2400 94.6700
43.6000 93.0000
43.4800 91.4700
40.2700 88.2500
39.0200 88.1800
38.5100 86.9800
39.0200 83.6100
38.2600 83.1600
37.5900 83.8100
37.0500 82.7000
36.8400 81.6600
36.7400 82.9900
36.4600 81.4800
37.1000 79.9600
39.2800 88.2100
38.9900 88.9300
37.1300 84.5200
36.7200 83.6000
36.4000 79.9900
34.7200 101.6100
36.2700 98.1000
35.6200 99.9700
34.5500 95.5300
34.8900 98.2100
33.8000 99.6900
32.8900 95.2600
31.9400 99.1900
31.1600 97.1700
29.9400 95.6000
29.7100 98.0000
32.2500 91.6700
31.9200 94.1000
31.5100 92.0700
30.4800 91.1100
29.9400 93.1500
32.0100 91.1100
31.1300 88.6900
30.0900 90.5500
30.7500 92.8700
28.2400 88.5600
28.5900 87.0600
28.4200 92.4000
28.4200 90.5600
27.9700 91.9100
31.9900 89.2000
31.9300 86.4400
29.3600 88.8400
29.3200 87.0900
28.9100 89.5600
28.9600 85.4400
28.1500 85.9700
27.7200 89.1500
32.3000 84.1300
32.3800 81.1900
30.2900 81.1800
30.3900 82.8300
36.5800 77.0100
33.5600 79.9400
31.8900 79.1000
31.5000 79.8100
34.9500 79.8600
31.7100 80.2900
30.9600 80.4300
30.7200 81.8600
34.2400 82.1700
32.2400 82.1900
31.5100 82.2500
29.8000 83.2400
32.4100 83.3300
31.6500 83.6800
31.0300 83.9700
33.1600 84.0200
29.7200 84.0400
31.3500 85.0700
32.0200 85.2700
30.6900 85.2000
29.4400 85.6400
29.9600 85.6900
28.6900 86.3900
30.0000 86.5200
31.2000 87.1700
30.6200 87.0000
35.4700 84.8300
31.6000 87.3500
33.2600 88.6700
31.4300 89.0300
31.4200 90.0700
28.3200 89.6300
31.3600 90.0200
28.6200 89.9100
28.9300 90.1100
29.4400 90.1500
29.3200 90.2700
30.2100 90.5600
32.0100 90.8200
31.4500 90.9000
31.8700 91.6900
32.5600 91.8500
28.9600 91.8900
33.4800 91.9500
32.8700 91.9200
34.3700 92.6100
31.7900 92.8300
35.3500 93.3600
29.0400 93.0700
35.4200 93.5900
35.6200 94.0600
35.7100 94.1000
35.8700 94.3600
31.5900 94.6300
35.9200 94.8000
34.9200 94.7500
35.7400 95.2300
30.7500 95.8100
29.7500 96.1000
31.4900 96.4100
35.7300 96.4200
30.0600 96.8900
28.4500 97.0500
29.2800 97.1800
33.7100 97.1800
34.0200 97.5000
34.4000 97.9600
35.5000 97.9600
31.5100 98.2300
32.3800 98.6200
35.0200 98.6000
35.1300 98.8700
34.2700 99.2000
35.3600 99.2200
32.7600 104.2700
33.0500 98.3200
31.8700 98.5900
29.9600 97.5100
30.5500 97.1000
30.8100 97.3400
31.3700 97.7800
33.9500 92.3500
33.1200 106.6800
30.8000 106.0300
26.4200 106.6700
22.1100 106.8300
35.1400 105.3800
40.5100 95.8000
36.4300 94.8700
38.8100 93.4100
38.5900 90.9800
33.2800 103.8900
31.7100 102.3100
30.4900 101.5000
28.8400 103.5300
27.4200 101.5100
26.8800 100.1700
22.7400 101.0500
29.9900 100.2800
25.0200 98.5000
22.5500 99.9200
38.0800 85.5400
33.0000 96.9900
29.3900 96.8700
32.9900 91.9800
31.8900 87.7700
28.3900 86.9700
35.4600 79.5800
32.4300 79.8000
25.4300 97.4500
20.9000 97.7700
30.7700 90.9600
36.5500 105.6500
38.4900 106.2700
37.5900 105.2400
32.9300 100.7400
36.3000 98.1000
37.3300 100.1300
36.1500 94.7700
38.7400 93.3300
34.9200 98.2100
37.4700 101.4000
34.4800 100.2500
38.4800 90.8000
35.5200 102.0100
31.8400 106.7400
30.9800 101.1200
32.4400 105.8500
31.6100 100.0200
29.0100 101.5000
28.1800 104.5200
31.3900 100.6700
27.9300 101.2800
28.3300 102.1700
30.9800 105.8800
27.0600 102.7200
29.2300 102.3500
30.5100 105.5600
30.0700 102.7700
28.9400 99.8000
31.0000 102.3700
28.6500 102.5100
27.4300 101.5100
39.8100 78.7700
42.8300 83.7200
44.3100 84.8900
37.1600 79.0500
42.8500 94.3400
41.7300 82.9800
41.7900 86.1900
45.6100 84.9100
43.8100 90.3000
38.1200 85.5300
44.2100 86.1100
42.8900 90.2600
38.9700 83.6600
42.9200 86.7200
44.9600 81.0000
43.4000 83.2600
43.9700 81.5300
36.4300 81.9700
42.6800 80.3600
29.2700 87.1800
30.8400 81.4300
31.1400 97.1700
28.6600 97.4700
32.5200 80.1100
31.4900 92.1100
29.2500 88.8700
33.3900 79.7200
27.4400 88.9100
37.7790 107.4370
25.0500 101.4900
26.1100 103.1800
23.5500 99.3900
24.4400 100.8800
22.5600 99.9500
23.8700 100.0800
26.7000 100.0300
23.4200 101.6700
24.4000 103.3800
23.3600 103.4000
24.0000 97.8500
24.7100 99.1900
24.9500 98.4400
23.4100 104.2500
24.1000 101.9100
25.6900 101.8600
26.6800 100.7500
27.8200 99.7000
43.5870 104.4260
43.0850 101.3060
44.4660 100.7900
25.5260 92.7250
25.7170 92.8250
26.0730 92.6290
26.1960 92.2480
26.1170 92.2040
26.2460 92.0130
26.1560 92.4840
26.1260 92.0800
24.3310 97.4080
23.7990 95.8720
24.1770 96.3290
25.3250 96.8060
25.4330 97.4330
25.3590 97.0240
25.6260 96.5620
23.9290 96.0430
25.6150 96.3180
27.3500 97.4000
26.3320 96.7300
23.8480 95.7500
22.3600 96.1110
21.6720 95.9190
21.9620 95.5950
21.4730 96.3230
22.3240 96.3170
21.9860 95.7570
22.0030 96.0110
21.3830 93.8970
21.6910 95.7160
21.6360 96.0810
21.9910 95.9190
20.7500 97.0940
22.1620 95.8090
21.9340 95.9810
22.3670 95.7780
21.9890 96.1720
21.8900 96.3210
27.0000 88.6800
26.9800 88.4000
22.1310 103.0510
21.7920 103.0290
22.2680 103.2420
21.9310 103.2360
21.4970 103.1080
21.5820 103.4050
21.7540 103.6600
21.5420 103.6310
21.3140 103.5880
21.4730 104.0310
21.4890 104.0260
21.3120 103.9420
21.2030 104.0640
21.2040 104.0440
21.1130 104.0110
21.0590 104.0050
21.1890 104.2450
21.1920 104.2570
21.1310 104.1720
20.9830 104.1660
20.6240 105.0450
20.8720 105.2690
30.9970 78.6760
30.4040 78.3650
27.8940 86.8230
27.8030 86.7150
27.6970 85.3580
27.3800 87.2060
29.2300 79.0800
29.2100 79.5100
29.1000 80.1800
29.5900 80.2300
29.3300 80.0900
29.7600 80.3400
29.8600 80.5600
29.8200 79.7700
29.7800 79.9000
29.5900 79.6500
29.6400 79.4300
34.5590 76.1620
34.4240 75.7690
34.2920 75.3250
34.1000 75.2720
34.2270 75.0450
33.5950 75.0370
34.3530 74.9740
34.1200 74.8890
34.1300 74.8370
34.1090 74.8170
36.3120 74.6890
33.9930 74.5930
34.0950 74.4840
35.8940 74.4310
35.9250 74.3630
33.3950 74.3470
33.9300 73.9350
33.8710 73.7520
33.9780 73.6530
33.8950 73.3910
34.4200 73.2490
34.3290 73.1940
35.1120 72.9980
31.7550 72.9540
31.8560 72.7920
32.2630 72.4720
32.6080 72.4600
32.8050 72.3740
32.7220 72.3620
33.1340 72.3520
34.2320 72.1730
32.7050 71.7830
32.5200 71.3320
35.0300 79.6900
31.9000 86.1600
31.7800 87.4300
36.7700 98.9300
39.0700 105.3800
37.8900 102.6500
41.4300 106.9800
41.0900 107.8900
40.9000 107.1500
40.7900 107.9500
39.0900 108.0000
39.4900 106.7200
39.2000 106.3500
33.9000 97.2700
33.0600 98.2000
25.7400 101.2700
25.1000 99.1600
33.5300 107.9800
22.3300 107.8200
24.9900 105.7700
24.4100 106.5800
24.8800 104.3100
23.3700 105.8400
22.8600 107.1400
26.5700 104.9200
23.3500 104.2700
36.8500 104.1300
36.4400 77.0000
35.9400 79.2600
36.8900 93.0700
37.5100 95.8000
38.0600 95.0000
41.1300 96.8900
40.4600 99.7000
40.7100 98.6700
39.9500 94.3200
39.5800 99.9600
39.5000 101.0600
39.3300 95.3200
38.9700 96.0600
38.8100 98.7800
39.0000 100.1000
38.6500 99.3300
37.8000 100.2800
37.6000 96.8200
37.7200 100.5600
37.4300 100.1100
37.3500 97.8100
37.3400 99.3200
37.2300 103.6500
36.4400 98.4600
40.2800 97.0100
40.1600 94.7600
38.3900 106.0000
27.8000 102.2700
33.2300 104.2300
31.3000 100.7500
29.6500 104.0700
30.3700 104.5400
26.0000 102.5300
26.0500 101.6800
26.2100 100.6000
25.5000 103.7700
25.6100 103.2400
25.8000 102.9400
25.5800 102.5100
25.6400 101.9000
25.7300 101.3200
25.0200 103.6600
25.2400 102.5200
25.1600 102.0700
24.9900 101.5700
25.4800 100.5500
25.3400 100.5000
25.0400 100.5200
24.7700 103.2600
24.6800 102.9200
24.6800 102.1500
24.8400 100.3100
24.4500 100.1400
24.1900 102.4400
24.0700 101.9800
24.0200 101.0900
24.4200 100.8800
24.1100 103.4200
23.6000 101.9900
23.4300 101.6800
23.2900 101.3900
23.8700 100.9000
23.6000 100.1100
23.0700 101.0600
21.8900 101.3500
22.0100 100.7900
22.2200 100.1100
21.5900 100.6700
30.2900 99.6700
27.3100 99.6400
26.9100 98.8800
24.6300 99.9100
24.5800 98.6800
24.2400 99.6200
24.0000 99.2500
23.8000 98.8400
23.4700 99.8300
23.0400 99.8300
23.1400 99.2600
22.7100 99.8100
22.7400 99.4500
22.3100 99.5900
43.8300 90.2700
44.9200 89.0000
44.0000 89.6200
44.1500 87.9400
44.1800 86.8700
44.2900 86.2200
43.3500 88.3200
43.2700 87.1700
42.8200 88.6300
42.3500 86.3600
42.2500 87.2800
41.9100 85.5200
40.8300 87.1900
45.9400 83.5900
45.6300 84.8500
44.9700 81.0300
44.9000 82.1300
44.6200 82.9300
44.4700 83.9100
44.3500 84.8700
43.6500 84.3300
43.7900 82.5100
44.0600 80.8600
43.4700 82.2200
43.2700 84.5400
43.1400 81.1300
43.0300 84.1600
42.1400 83.1300
41.8100 81.8000
41.7800 84.2500
41.7100 82.9700
41.4800 82.3500
41.6000 81.3400
41.2200 82.7900
41.1400 80.2400
40.2200 84.3400
40.2000 76.8900
36.8500 75.4500
38.8100 105.6700
42.8100 93.6300
27.8800 102.1100
29.5600 103.7600
30.6000 101.7400
29.6200 105.1200
38.4700 89.6300
30.1400 100.6600
30.2300 100.2700
29.9100 100.1000
31.4500 103.1700
30.9100 103.7600
31.0200 101.1900
30.3500 103.3100
30.2000 104.1000
29.4600 104.4300
38.7600 91.0800
38.0900 91.9100
38.7100 87.0700
36.3500 78.0300
30.8800 101.1300
33.2300 91.8600
27.8900 102.2900
27.8100 102.3500
36.6600 101.6500
32.2800 91.6900
37.1400 79.7700
37.2700 90.4400
33.9600 99.6600
33.3700 100.5100
32.2700 96.5000
31.9500 98.9100
30.0100 99.1100
28.9000 102.3000
27.3100 99.1400
26.6200 99.9400
25.4400 100.3700
25.4400 100.5700
25.3100 101.0200
25.0800 101.4800
24.7900 100.5800
27.5900 101.3100
37.8300 95.3800
28.8000 104.6000
31.0100 104.5500
29.7360 90.7980
29.6630 91.3630
34.6310 92.8540
28.9140 89.5730
28.1940 86.8270
32.5090 80.0980
28.6290 87.1550
33.6490 92.0560
20.9990 107.3130
29.1890 94.1840
29.5050 96.7630
28.6500 97.4560
29.1530 97.2170
29.8700 95.7380
30.1030 95.0850
29.7370 94.7240
29.6010 94.4180
29.0820 93.0820
29.9000 93.3390
31.1640 97.1220
29.6910 98.5950
23.1620 92.1920
22.7260 92.3750
24.1900 91.5150
23.2410 92.0660
25.1790 92.0190
25.0000 91.2370
24.4980 92.1350
22.4990 92.2170
22.8510 91.8450
24.6040 90.0300
23.0360 90.7630
22.6150 91.6620
21.8490 105.7380
21.8530 105.3360
21.6770 105.2020
21.3080 105.8260
21.4550 105.6380
21.3610 105.3300
21.4750 105.1860
21.1910 105.1810
21.3840 105.0330
21.0970 105.3730
20.8640 105.1780
21.6910 104.4580
40.1100 71.8000
42.6800 74.0700
42.6600 74.2600
42.7800 74.4200
42.5900 74.4800
42.6600 74.4800
42.6600 74.5800
42.7500 74.6200
42.7900 74.6400
42.7600 74.7000
42.7200 74.7100
42.7900 74.7100
42.6800 74.7600
42.6600 74.7700
42.7000 74.7800
42.7300 74.7900
42.7600 74.8400
42.7100 74.8800
42.6700 74.9000
42.6100 75.0300
42.7500 75.0300
39.6970 75.1240
42.6500 75.1500
37.8470 75.2110
42.6800 75.2900
37.8620 76.6900
43.3370 76.8700
36.8460 76.9810
43.9500 79.1300
41.9900 79.2700
37.1200 79.9300
42.4600 80.1300
44.1200 80.8850
43.8300 87.6500
43.2880 76.9430
27.4570 83.8260
28.2290 84.3800
26.4840 87.2670
42.8540 74.5330
28.6560 81.7140
26.5200 87.2720
26.4390 87.2810
29.4740 81.2010
28.2070 85.3140
27.6080 85.1080
21.4280 103.0050
27.9730 84.2650
28.7540 80.5820
20.6940 106.7950
29.7340 80.5010
39.0060 70.3170
28.3750 84.4100
29.1770 80.6260
27.9510 82.4910
27.9100 85.8770
29.2780 82.1930
28.8050 83.7430
27.6480 84.1300
27.6820 85.2880
27.8010 85.2790
27.7670 83.6030
41.8680 78.1990
42.7760 78.3610
42.4990 78.5800
25.0300 102.7970
37.5420 71.6800
29.1790 83.8950
27.6930 85.5210
28.0490 81.6150
28.1170 81.5950
20.6680 106.8140
26.8660 87.3920
40.5300 72.7770
27.3050 86.5500
26.9910 86.5970
43.7930 87.6340
42.6210 75.3150
27.1660 84.9850
29.9690 81.8070
28.2600 83.9360
27.8140 86.7120
41.7290 77.8050
27.4720 89.6350
27.3520 87.7100
38.8620 74.8330
38.2250 74.9250
38.6510 74.9710
39.7400 75.2380
40.5010 75.3670
37.3540 75.3830
38.9600 75.4010
39.3210 75.5790
37.8400 75.7680
39.5600 76.0090
38.6690 76.1620
38.3800 76.6610
37.1380 77.0400
37.5010 77.3560
39.6310 77.4440
37.8500 77.4460
40.3430 77.6220
37.3940 77.8380
35.5680 77.8440
40.8770 77.9490
36.3380 78.0690
36.2050 78.7220
35.9950 79.1590
35.7740 79.4270
40.0350 79.4350
35.2350 79.4730
35.6150 79.5160
41.6620 79.7150
35.0150 79.7380
33.2140 79.8090
36.8250 79.9150
41.6640 80.0650
37.8910 80.3010
33.7710 80.3240
33.0410 80.4130
44.1700 80.4390
43.4900 81.1240
40.4950 81.3030
44.5230 81.3260
45.1810 81.6490
44.6620 81.7120
43.6500 81.7420
43.0270 81.9110
42.9160 82.1830
41.8580 82.4400
34.0820 82.5030
45.2010 82.6200
44.2600 82.7830
35.0230 82.8030
43.2550 82.8450
41.9580 83.0410
41.0820 83.1890
42.6920 83.6860
44.3480 83.6930
35.3470 83.7790
45.5170 83.8480
32.2920 84.0710
44.2160 84.3940
42.0550 84.4250
42.7750 84.4260
44.1680 84.7880
44.2480 85.4020
43.1130 85.5000
38.0650 85.5750
43.9500 85.5970
43.0340 86.0580
44.9660 86.1480
42.6410 86.2610
45.4450 86.3010
43.9010 86.4810
42.0490 86.6050
43.5120 86.9660
31.7960 87.2340
43.5060 87.4090
41.2920 87.4360
45.6710 87.8190
42.8170 87.8550
43.5150 87.9580
42.2490 88.2000
43.1210 88.5120
30.6290 88.6390
44.2040 88.7480
43.8580 89.0500
43.2090 89.3100
45.3930 89.4300
42.8240 89.6450
44.6170 89.9860
30.5170 90.0690
45.0740 90.0960
45.9200 90.1450
45.5590 90.2150
44.4810 90.5110
43.7560 91.1720
41.0150 91.3300
30.9030 91.6540
31.2290 91.7870
44.1810 92.2310
43.2570 92.3640
34.4620 92.7310
30.6430 93.2180
43.1130 93.7040
43.4230 93.9990
43.9870 94.1080
33.4490 94.4570
38.3300 94.6130
43.7880 94.9230
42.4890 95.0990
29.8190 95.7900
32.7420 96.6330
33.0100 97.0150
33.0600 97.2880
28.9920 97.4030
25.1510 97.9280
39.6770 97.9670
25.4540 98.1970
25.1950 98.8510
27.2970 98.8730
23.4870 98.9100
29.7150 99.0000
24.2670 99.0480
28.2180 99.3390
27.7640 99.4330
23.7410 99.5930
32.7200 99.6800
31.6940 99.7000
26.8070 99.8620
26.7590 99.9980
27.5110 100.0460
26.2680 100.1770
29.9920 100.2180
30.4650 100.3230
28.5590 100.3430
22.6560 100.3460
21.9840 100.4300
26.9990 100.4550
26.4480 100.6800
24.6430 100.7290
38.3350 100.7750
25.4000 100.8310
28.1260 100.9230
26.1430 100.9360
23.4050 100.9460
22.7750 100.9520
27.6230 101.0000
30.5720 101.0650
31.3060 101.1710
25.2130 101.2650
39.0600 101.3010
22.7070 101.3540
23.2910 101.3680
27.0470 101.3880
30.6120 101.4040
27.6680 101.4550
29.3340 101.5000
27.4830 101.5420
22.3720 101.5580
25.3490 101.5680
24.7080 101.6110
24.4280 101.6630
22.9650 101.6740
39.2050 101.7270
22.5860 101.8570
28.2300 101.8650
30.9490 101.8660
24.9780 101.8780
28.6320 101.9530
25.0160 102.1120
27.7590 102.1520
30.1010 102.1860
24.3910 102.1910
25.6180 102.2000
23.9480 102.2250
29.4490 102.2280
28.7460 102.2500
29.1350 102.3390
29.9410 102.3900
27.8730 102.4150
27.6290 102.4160
23.3660 102.4580
24.9390 102.4630
23.7040 102.5010
27.8830 102.5590
24.6770 102.5690
30.0500 102.5780
28.6260 102.6150
28.4600 102.6550
27.9490 102.7100
30.0440 102.7550
24.9760 102.8140
24.1090 102.8250
23.9160 102.8290
24.4680 102.8290
23.5690 102.8600
24.1520 102.9800
28.1210 103.0160
24.9360 103.0350
25.3530 103.0360
26.6420 103.0360
23.1410 103.1280
24.8960 103.1430
30.1460 103.2150
22.7860 103.2320
26.4080 103.2920
26.8750 103.3700
24.5570 103.3900
28.0960 103.4350
25.8890 103.4440
25.6330 103.8020
28.9550 103.8960
26.7060 103.9330
26.2510 104.0880
30.4300 104.0920
30.9140 104.5290
34.3480 104.6090
25.0730 104.9340
27.8500 105.0340
25.7390 105.0460
31.7670 105.1370
29.9020 105.4120
24.3540 105.4260
27.1550 105.6150
26.2610 105.9290
34.5350 106.0560
36.4330 106.3060
29.4150 106.3550
27.5560 106.5390
26.4730 106.6690
23.9170 106.6710
25.4420 106.7300
39.6640 106.8390
32.4260 106.9030
34.6800 107.0620
29.1500 107.0810
29.9050 107.2320
40.5770 107.2820
34.0570 107.3190
34.8000 107.3350
24.1960 107.4020
27.1680 107.4140
41.2530 107.4960
21.6160 107.5190
31.3050 107.5290
25.9750 107.5650
32.9640 107.5650
36.0640 107.7920
27.0240 84.8530
27.5450 90.7230
27.9500 84.3950
27.3800 85.4190
22.4650 91.7900
27.6680 84.3850
24.3030 91.7780
26.8610 91.4640
23.7270 90.4010
28.3450 83.7630
26.9090 90.4320
22.6340 93.6050
27.4150 85.0520
24.4040 92.0380
27.6570 86.1870
21.0050 105.8440
27.2870 91.5240
22.4340 94.8470
24.1860 91.6190
22.8030 89.5340
27.6180 85.5380
26.9130 80.9560
28.1740 84.5730
27.6570 85.3280
22.4650 90.3830
28.1010 82.9870
24.3710 88.6380
22.5860 96.1190
27.3850 85.7990
22.5720 95.7180
43.2910 77.3270
27.5570 85.5370
24.9190 91.8310
22.3570 90.2440
40.1940 70.2920
37.2970 71.7780
37.4970 71.5790
37.6780 73.7850
37.3760 72.3660
38.0620 74.4270
37.8410 71.6640
38.4040 71.2330
37.5200 74.4230
37.6740 73.1920
40.7700 70.4100
40.0580 70.5510
38.1890 71.3740
38.5960 73.4600
32.7400 72.8800
34.0700 73.5400
34.4200 73.3600
34.6600 73.4800
34.1800 73.7200
35.4100 74.4200
35.5200 73.7600
35.7900 74.5700
35.4700 73.9600
34.8000 72.9400
35.0000 75.2300
35.0700 75.5000
35.4800 75.3900
35.3600 75.7400
35.4300 74.6000
35.4900 74.5800
35.5100 74.6100
35.2400 74.7300
36.4300 74.8700
36.6500 74.8500
33.1200 73.4400
41.9000 93.9000
43.9000 81.4000
45.1000 85.2000
44.6000 84.9000
44.6000 87.4000
43.6000 89.9000
43.3000 84.1000
43.2000 81.9000
43.5000 83.5000
42.7000 80.7000
42.1000 81.6000
41.6000 89.1000
33.3400 105.8150
40.3320 77.3230
37.3870 85.4560
38.4490 76.8560
37.2590 92.4910
28.3480 83.5610
28.3890 85.3390
28.3190 87.7820
28.0800 87.6870
29.5620 90.9950
30.5500 81.2320
44.7690 82.0780
31.5270 80.3980
30.6600 82.1840
32.5240 82.5180
32.0940 84.9150
30.0770 85.6070
29.4190 85.8000
29.1760 88.1800
33.1400 85.3360
29.2520 91.7900
29.1950 90.6160
30.5270 91.2880
31.5610 85.1870
32.2820 84.2670
28.8420 85.2900
28.0710 89.2890
29.4190 86.7230
30.1330 83.3250
29.5300 101.4070
29.1730 101.4700
28.3260 101.9260
28.5240 102.5340
28.8290 102.5960
29.2260 102.0390
29.2000 103.1560
35.8020 99.8790
41.4440 107.6380
41.8480 107.8680
40.6020 106.4780
39.8380 107.6410
38.2080 106.5700
41.2890 107.7610
38.4050 106.1790
34.9400 98.3150
24.2400 104.2460
22.9510 104.8240
23.7560 105.2090
28.2880 106.2620
22.8910 106.3180
31.6590 106.5740
23.5260 106.6450
28.2570 107.3470
23.4650 107.7130
30.3150 107.7160
38.0770 86.2510
35.9240 100.0620
28.5990 83.6430
30.0410 103.8450
24.7510 97.5570
24.8840 98.8460
21.7020 100.0460
24.8690 103.2870
29.9240 103.3510
24.8760 103.4930
29.3730 103.8210
30.2840 99.5370
27.0490 87.3270
32.6120 80.0010
30.0290 104.6980
29.3310 88.3990
29.8660 83.7420
28.5080 83.6580
41.3800 80.7810
37.3960 77.1750
28.2110 83.6780
43.2680 84.2940
31.5700 101.4030
31.1760 101.1750
30.2060 101.5000
22.9380 100.6970
39.9500 78.4360
28.3220 103.4520
28.0210 101.1970
34.7820 107.4810
34.4230 107.8920
28.7100 83.6450
34.0440 105.7630
34.8500 103.0270
36.6270 101.4860
35.4650 107.9370
37.4900 105.6720
32.6160 81.4810
32.4560 82.8010
33.6340 84.4230
33.6210 104.6500
30.1530 83.2380
28.5810 86.5150
31.8600 92.9520
31.0910 90.4840
28.7500 90.7460
28.4320 92.5760
24.2840 100.9140
39.8390 96.6330
26.4920 99.2690
26.5290 99.7640
26.8130 100.4350
26.8010 100.6160
26.5220 101.0150
26.0180 98.6250
25.8360 98.9400
25.7610 99.5750
25.5840 100.0450
25.7040 100.3170
25.6860 100.6410
25.7080 100.7850
25.8350 101.1350
25.6690 101.5480
25.7500 101.7600
25.6640 102.0500
25.6570 102.6300
25.6420 102.7570
25.5740 103.0880
25.5230 103.3230
25.4560 103.4340
25.4240 103.5980
24.7530 97.7130
24.5780 98.2430
24.4950 98.4010
24.6370 98.7780
24.4350 98.7550
24.3630 98.8660
24.2600 99.2070
24.2090 99.3420
24.1940 99.4500
24.1090 99.7440
24.0320 99.8460
23.9530 99.9660
23.5540 100.2660
23.5050 100.5910
23.5140 100.7520
23.2420 101.0230
23.2550 101.2130
23.4210 101.8220
23.8340 102.0870
24.1180 102.2610
24.1990 102.5850
24.2160 102.7890
24.2090 103.1000
24.1770 103.2160
24.1430 103.2760
22.3320 100.9190
22.0670 100.9600
21.9810 101.1290
21.6500 101.3680
39.2470 99.3800
38.9500 100.4310
30.1040 105.3300
31.7400 105.9250
30.7540 107.1870
32.2050 105.5590
30.3430 106.9390
31.3440 106.0650
31.9280 107.2170
28.1660 105.4320
31.2210 105.3860
31.0760 106.5590
31.6510 105.1690
31.2070 107.5070
30.7590 105.7040
25.0080 102.6530
25.7070 100.1760
31.4150 95.5940
21.4830 101.5690
30.9320 88.7050
26.8630 104.2810
39.0810 100.2760
45.6660 101.4410
28.7780 95.9010
28.8010 95.9020
28.3250 95.9660
27.7560 96.3590
28.4490 95.8550
27.9730 96.3960
28.2240 95.8340
28.1310 97.0160
27.5200 90.5400
27.3900 89.4400
26.3570 90.6720
26.1740 92.9450
26.0050 91.2930
26.4730 90.5690
27.4840 90.4980
27.5900 89.6320
26.1930 93.0660
27.2230 89.5340
27.9070 89.7330
26.9270 89.5200
27.3190 89.5750
26.1750 91.4810
26.4250 90.9720
27.7850 89.7310
27.2880 90.6120
26.5710 93.4000
28.0640 89.6900
25.6990 91.5720
25.9000 91.8630
25.6680 91.1050
26.5030 91.1850
25.2560 91.7190
27.1830 90.6840
27.6610 89.0770
32.4170 83.2740
32.0770 82.0080
31.5330 92.0270
32.1710 91.7220
29.6540 84.1790
28.6220 87.1710
29.2140 88.8910
29.6220 94.3870
30.1750 90.5870
31.4040 90.8540
36.6080 100.3640
37.4790 101.4250
36.6570 105.3130
40.6010 109.9770
41.5680 108.5070
41.2170 109.7950
41.0210 109.1350
41.1030 108.2600
40.6430 109.4840
40.8640 108.6440
40.3040 109.9350
39.8530 108.7220
39.3540 109.7970
38.2850 109.8220
36.6530 109.4310
35.5880 109.8240
34.9740 108.9990
34.9890 109.6260
34.8100 109.9510
34.4600 109.7060
34.5530 108.9140
34.4960 108.2330
34.3460 109.9680
34.3020 108.1940
33.8800 109.9230
34.0500 108.9080
34.1110 108.1570
41.9480 108.9400
41.2310 108.6810
41.5230 109.2480
40.9320 109.5330
40.4640 109.7240
40.6230 108.6050
40.4590 109.3080
38.4980 108.8470
37.5990 108.7520
36.8290 108.1860
35.6650 108.9730
35.3780 109.2460
34.8140 108.3490
34.6870 108.4560
34.6220 109.3820
34.5560 108.5780
34.3070 108.7320
34.2140 109.4210
39.2480 106.3370
37.4500 106.6990
26.4610 99.8900
42.3920 108.9340
33.6580 109.1060
32.6940 109.0490
30.2320 109.4800
27.8750 108.2950
23.7500 108.1690
23.1490 108.2960
22.4110 109.2600
21.4650 109.0630
21.0300 109.1210
28.7410 104.6330
32.0780 108.0430
29.4740 108.0980
25.2110 108.1460
21.5330 108.2600
22.7370 108.6430
24.3530 108.6990
31.5260 108.8550
28.9070 108.8670
27.2150 108.9400
25.9400 109.1410
25.0590 109.2630
23.8620 109.3770
27.9550 109.5860
21.9240 109.6020
27.2420 109.8680
29.0190 109.9290
33.0900 109.1420
41.8880 93.8540
34.7850 105.6490
29.2780 90.9590
36.9860 85.1560
23.6200 99.1700
28.1550 103.9700
38.2850 90.9070
22.5320 103.9660
30.3170 104.5850
25.0900 103.6790
48.0520 86.4050
47.7080 86.8830
47.2010 89.7940
46.9940 89.5110
47.1340 87.5150
47.0970 86.6090
47.4360 85.8700
46.6830 90.3430
46.7910 85.7060
46.0590 90.1540
43.9350 81.3850
48.6940 86.8090
48.5750 87.4570
48.2130 85.6450
48.2830 86.6180
48.1110 87.1650
47.7760 88.1660
47.7430 87.5210
47.7460 87.7870
47.5530 88.6500
47.3470 89.6500
47.4090 87.8870
47.0870 88.8470
46.9000 84.3100
46.5600 83.6120
46.5370 84.9670
46.4830 86.0810
46.4330 89.6930
46.5090 87.9340
46.2900 90.4330
46.2760 86.3730
46.1700 90.8250
46.0860 89.5170
45.0640 85.2300
44.6100 87.4310
43.6030 89.8610
43.3180 84.0760
43.1550 81.8910
43.5210 83.4730
42.7280 80.7400
42.6920 80.3470
42.0560 81.6060
41.6440 89.1250
46.9770 89.9330
34.4380 80.3410
30.7690 83.5560
35.4700 85.7140
28.5380 87.7690
29.4290 88.2380
27.9310 89.3050
33.8260 95.3690
28.7200 97.4690
34.4640 100.3140
35.0580 108.0860
39.7580 98.4960
41.7080 86.1690
27.9940 86.8280
44.3850 84.9460
28.3030 86.0340
31.2850 101.1740
30.9230 101.1090
30.5520 101.0440
30.4410 101.5340
39.4800 76.0000
36.7430 79.9260
23.3370 100.9100
29.5910 85.7410
28.0090 102.8530
27.9160 102.6450
34.4060 108.6080
33.8490 108.7750
34.3900 108.9880
34.1250 109.2840
34.4520 109.3560
34.7840 109.1760
34.5850 109.5270
27.8350 86.7650
38.3910 90.0850
43.8140 87.7050
35.5200 93.9130
31.4450 91.9960
28.9160 89.6040
40.2640 107.0530
39.2580 108.0150
41.0300 108.4000
39.8690 109.9630
34.3690 109.2220
31.8900 93.7840
32.5300 80.0780
41.5110 108.5180
38.3020 109.5270
34.4240 103.9650
30.8120 81.3890
29.4810 85.1410
27.4460 88.9240
30.9910 101.1390
30.9420 100.3090
29.9860 100.2370
25.6900 99.9500
27.9020 102.2190
37.3770 97.7300
25.9470 98.7800
25.7790 100.4640
25.7000 101.4080
25.5760 103.1590
23.2420 101.3070
23.3190 101.4700
24.1130 102.6510
24.1910 102.9100
47.8650 107.0520
30.7700 108.4900
21.6520 109.2120
24.6950 108.0390
22.5680 108.1470
30.2760 109.4950
27.8780 109.7960
39.2080 101.6790
41.2990 108.0730
32.7940 108.7730
35.1690 108.3890
47.6950 86.8560
46.9990 89.5390
46.1510 90.9790
30.6390 104.0640
30.3890 104.5450
31.4400 104.7260
29.3490 102.6320
29.6500 102.1150
32.3560 106.8330
36.2750 100.6190
26.8490 100.2190
33.7580 99.6470
32.2040 96.4800
35.5900 99.9800
32.8940 95.2950
28.4880 98.9070
32.3060 84.0620
29.6480 94.3600
28.4140 92.4600
31.4800 92.0610
27.9040 102.2680
41.7650 109.9740
28.3350 103.1340
47.8550 88.1350
46.8240 82.8750
22.2930 70.7410
30.4520 78.1150
30.1470 77.8680
21.3940 79.2760
23.2090 77.4470
46.2590 102.7900
46.1200 103.0200
47.9630 91.6250
49.6630 100.0950
49.6180 95.8730
47.9170 106.8970
46.5540 96.2520
49.2070 98.0490
49.0760 97.9760
48.8010 103.5240
47.7630 91.6290
48.7070 98.8010
49.4550 102.8090
49.2880 102.9630
47.5200 101.7960
49.9710 92.0780
48.9820 89.9380
47.6130 96.7800
25.1080 70.2510
24.3370 70.7620
26.8900 89.4500
27.6100 90.7000
27.2720 92.4380
23.0850 72.0750
27.5380 90.7600
26.2180 92.2690
29.5990 80.1910
23.1250 71.8710
21.0100 73.0630
31.2540 100.9000
31.1880 100.7950
31.1060 100.9930
31.0420 101.0240
31.0580 101.0950
30.7200 101.3110
30.8620 101.2880
30.7830 101.3690
30.2550 101.8810
30.2200 101.6430
29.9220 101.9610
29.7310 102.0510
29.5930 102.1870
26.6700 102.8200
26.5200 102.8400
26.8100 102.7600
27.0800 102.7200
26.8800 102.7800
26.0000 103.1800
26.3800 103.0300
26.3000 102.9100
26.1900 103.2700
26.3300 103.2300
26.6500 103.3300
26.0000 103.3900
26.5100 103.1800
26.3100 103.4000
27.0000 102.9200
26.7800 102.9900
25.7300 103.0500
25.7300 103.1800
25.8300 103.4600
25.6800 103.4800
26.0000 103.0100
25.5000 103.4100
25.4700 103.0000
28.1900 102.6000
28.3300 102.0800
28.3300 102.3500
28.1300 103.2100
28.3200 101.6100
28.1300 102.2200
28.0400 102.4900
28.0800 102.0600
28.1100 102.1500
28.3000 103.0500
28.0700 102.9000
28.3000 102.2700
28.2400 102.8500
28.2100 102.7300
28.1400 102.5100
29.2900 102.8700
28.7300 104.1700
28.5600 103.6900
28.4000 103.2100
28.4200 102.7400
28.5500 103.1100
28.8860 102.2100
28.7490 102.2000
28.5990 102.1770
28.5090 102.2270
28.0540 101.9970
30.0640 103.0900
29.8300 102.2220
29.2150 103.9700
28.8410 103.9420
26.1870 101.8270
27.0840 102.1980
26.4190 102.0720
29.7800 103.2340
25.4760 101.2450
26.1520 102.4460
27.3810 103.0580
27.7910 103.5870
27.0210 103.5850
27.5800 103.7690
28.6550 103.8550
26.4690 103.8580
25.6700 103.9140
27.0720 103.9050
28.3260 103.9310
25.9730 104.0470
28.1010 104.3180
25.8180 104.6150
26.7190 104.6070
25.3940 104.7020
26.1030 104.6060
27.1110 104.6870
30.4660 102.8750
30.7150 103.5730
24.9400 102.9200
24.5200 102.1000
23.6600 101.8400
23.9700 101.7000
24.7000 101.3900
23.9600 101.3300
24.8000 101.1900
25.0400 101.0600
24.4500 100.9700
24.5800 100.9200
24.4800 100.8200
30.1900 102.4300
29.2400 102.2400
30.5300 101.6100
31.4400 103.1600
27.7100 102.0200
21.6800 102.1000
26.4200 99.6200
25.7300 101.2700
31.3600 104.5500
25.1700 103.0100
23.3200 102.4100
31.7900 101.9100
25.4300 100.4500
24.9200 99.0800
29.2500 99.3800
30.9800 103.4600
31.6712 103.8496
31.6709 103.8306
31.9415 102.1415
31.3525 102.5020
31.6377 102.8329
31.9769 103.6760
31.8363 104.1450
30.1100 103.3870
30.9760 102.6880
29.8430 103.2910
30.1600 102.9240
30.4470 102.7160
25.9900 99.9200
26.2300 100.0100
26.0000 99.7300
25.8900 99.8900
26.1700 99.8400
26.0500 99.6100
26.1200 99.7000
26.2700 99.6400
26.2200 99.5200
26.3900 99.5600
26.2500 99.8600
26.3800 99.8000
25.7100 100.0200
25.6600 99.7900
25.6400 99.9100
26.0500 99.4300
26.2100 99.4400
25.9000 99.5600
25.7300 99.6500
26.2000 100.4500
25.9100 100.4300
25.8300 100.2800
26.1000 100.2600
26.3200 100.1400
24.0380 100.4630
24.1350 100.6110
24.2580 100.7560
24.6570 101.0930
24.5840 101.1220
24.7540 101.2610
24.8310 101.3660
24.8790 101.4510
24.9620 101.4770
25.0670 101.6750
25.1350 101.7740
25.3440 101.8280
25.2340 101.8520
23.7030 102.0020
23.9870 102.1790
24.1860 102.4090
24.3710 102.5560
22.9950 101.9850
23.1420 102.1220
23.2910 102.2150
23.5200 102.4410
24.0410 102.6200
24.3370 102.6710
39.0280 109.8150
37.6040 107.6030
35.9970 109.3360
33.5330 109.9120
38.6310 109.6640
38.2410 109.4820
38.0320 109.1990
37.4990 108.0570
37.4880 109.4020
37.1690 108.0340
37.0950 109.4750
37.0720 108.8110
36.9330 107.3100
36.5620 108.7550
36.3250 109.6650
36.0910 108.7560
35.6640 108.7200
35.5840 109.2840
35.2840 109.7130
35.2730 108.5000
35.0570 108.6320
34.9870 108.9800
34.3330 107.0920
34.1950 106.8320
34.1550 109.3320
33.8640 107.9990
33.7620 108.7150
33.7310 107.4250
33.7140 109.5000
33.4670 106.9900
33.4080 109.1870
33.4130 109.5650
33.3050 108.2860
33.3180 107.8430
33.1550 107.3470
33.0810 107.0750
32.9430 109.7040
32.9040 108.4890
32.8320 109.3900
32.8200 106.2330
32.5270 108.5320
32.3420 107.9890
32.3250 108.9030
32.1570 109.2490
32.3320 109.7360
36.5230 102.0820
36.4310 102.6210
36.7520 103.6790
37.4610 103.8190
33.6150 104.5660
37.4440 104.8730
38.0270 104.4150
38.3770 104.6590
38.9840 105.3780
37.9050 105.4000
39.5420 105.4330
38.1390 105.5350
39.3690 105.5760
39.0780 105.6590
40.2050 107.1840
38.8860 107.4040
39.2430 107.4610
40.1490 107.5320
38.9540 107.7280
40.0330 107.8590
39.2480 107.8960
38.6270 108.0950
37.8270 108.1500
40.2110 108.2290
39.4090 108.3180
39.9030 108.3090
41.2860 108.4610
38.7240 108.5560
38.3480 108.6280
37.8330 108.7180
40.3060 108.8740
40.6310 108.9790
39.6940 109.0260
39.9710 109.1060
38.7660 109.1360
39.8610 109.5790
37.0700 105.5640
37.1830 105.8040
37.6290 106.5830
37.7540 105.8810
36.0560 106.9280
37.6900 106.1000
37.2480 106.7620
37.9650 106.1710
38.6510 106.3840
37.2010 106.4170
38.0560 106.9810
37.7250 106.9070
37.8580 107.2480
33.0940 104.8020
34.2950 105.1240
32.7750 105.4010
34.2560 105.4280
34.4370 105.9340
33.7850 106.0770
33.9290 106.3410
34.2080 106.4150
37.0290 106.9720
35.9550 107.2420
36.5300 107.3580
35.6690 107.6150
34.7340 108.0980
36.1900 107.9110
36.0330 108.1570
36.0980 108.4820
40.7640 107.4130
34.3980 108.6980
37.0330 103.0610
35.1950 106.7850
36.5730 101.8530
37.7460 101.2430
37.5860 102.8730
32.4250 105.9000
35.0010 109.2960
34.7040 108.7520
34.6070 108.4230
34.3360 109.2760
34.7050 106.6120
32.3680 109.3740
33.5480 109.8960
34.3110 108.0230
33.4320 109.1550
32.5200 107.8960
36.5700 104.6860
34.0580 103.2310
34.9590 103.6620
38.2440 102.0120
33.3300 105.5920
34.3190 105.0690
32.8740 104.6690
36.5610 102.8600
36.9550 107.0270
36.1010 107.4370
38.4800 106.2100
37.9300 105.9200
36.6200 109.4600
36.6200 108.0700
40.5100 109.9200
36.6720 105.3920
36.6300 105.0880
36.4750 105.4160
36.4130 105.4550
35.8080 106.2860
36.7520 105.6930
36.6750 105.5600
36.9160 89.1660
37.3620 90.3780
37.7960 89.8340
38.2570 90.3120
38.2490 89.8310
38.4480 89.7710
33.7200 106.0700
36.0600 105.1800
35.9700 105.6100
35.9500 105.9600
35.9200 106.1000
35.9200 106.2400
35.8600 106.4500
35.8100 106.6500
36.2800 105.9300
36.2800 105.6900
35.5100 107.9200
34.5800 107.4000
34.1600 108.5000
33.3700 107.6200
35.2000 102.5100
33.5800 102.9600
34.1800 108.9900
36.9410 103.6540
37.1010 103.6220
37.0380 103.5240
37.0430 103.3510
37.0260 103.8660
37.0260 103.7050
36.9410 103.3730
37.1160 103.5400
37.0020 103.8910
37.0450 103.6220
37.2770 103.1730
37.2340 103.6140
37.1710 103.5110
37.0840 103.8590
37.3460 103.6360
37.1930 103.4110
37.3880 103.1680
37.2470 103.5270
37.1190 103.8440
37.1410 103.6360
37.2450 103.3230
37.1360 103.1850
37.2890 102.8930
20.4735 95.6165
22.8526 89.5313
20.3845 95.9710
20.7260 96.7947
20.4787 96.2165
20.9113 97.5470
24.3093 91.7266
22.3665 91.7801
25.1180 90.3407
20.3326 95.0281
20.3428 94.5174
20.9939 95.7277
21.2469 95.4827
20.7537 96.2736
20.7187 96.4994
20.7521 96.0519
20.8087 95.7475
20.4943 95.5022
20.6990 95.8814
21.5163 95.4654
20.4903 96.0927
21.7524 95.0424
20.8395 95.1254
21.0358 95.0192
21.2608 95.3113
20.8393 94.8625
20.0021 95.0165
20.2776 95.2506
34.0500 78.4400
34.0000 77.8400
35.0000 77.5800
34.7200 77.5400
34.9200 77.4800
34.6000 77.4500
35.1800 77.2200
35.3900 99.3110
35.3570 99.1790
35.3210 99.0440
35.1970 98.9680
35.1010 98.7910
35.0570 98.6840
48.2700 81.9100
40.0100 74.5000
38.7400 74.5200
39.8000 74.8300
39.7900 74.0600
38.3700 74.9900
39.9000 75.5500
40.3000 75.3400
39.9900 76.6400
40.8000 77.3800
40.2400 77.1300
41.4900 80.4900
40.2800 78.3900
40.5600 78.5200
40.6200 78.8100
41.2500 78.6200
39.8100 78.8100
40.0400 78.9900
39.7200 79.0700
40.4900 79.2900
40.9900 79.4200
41.3300 79.4700
40.8300 79.8500
40.3700 75.0000
40.3000 75.1700
40.1700 75.3300
39.1600 74.1400
39.4400 75.4900
40.2800 75.8800
39.9000 75.9400
40.0700 75.8000
38.7700 75.2000
40.8200 77.6000
40.4700 77.3200
40.3900 77.6400
40.6600 77.7900
39.8200 77.3800
39.9400 77.9800
39.8500 77.6600
41.0200 78.8200
40.8700 78.1600
39.2458 71.3000
37.4723 74.8144
36.7264 71.6333
39.3695 74.6710
40.2284 77.3095
40.3800 76.9442
40.8161 77.9012
40.5420 77.9945
40.7171 78.2091
40.1484 78.8347
40.1080 77.4349
40.1125 77.5917
40.1180 77.7670
40.1509 77.9338
40.1562 78.1113
40.1986 78.3117
40.2853 78.6789
40.3663 78.8457
40.3092 79.0484
40.3422 77.4930
40.4531 77.9915
40.4289 78.1790
40.4896 78.3629
40.4048 77.7911
40.5243 78.1114
40.6022 78.2867
40.0496 77.1944
40.0621 77.3241
40.3632 76.0801
39.8100 75.9751
40.1055 76.0198
40.1432 76.2847
40.0121 76.1626
39.8746 76.9401
40.6044 77.6209
39.9851 75.6716
26.1900 90.5900
27.5800 91.9400
25.8100 92.8600
26.4100 92.9300
25.9600 90.8500
25.2000 91.9900
25.5200 92.6000
29.5700 80.2800
30.5300 78.7400
34.0840 74.0550
34.6420 73.9690
22.9000 88.7400
23.9900 91.3900
25.2700 91.6900
26.1200 91.8100
28.6400 79.8200
28.9960 80.0920
30.0310 80.1690
30.0020 79.5670
29.3600 79.4580
29.9800 80.6900
30.6900 79.8900
28.9500 79.8200
29.9400 79.6000
29.6400 79.5900
30.3800 79.3400
29.4100 79.3200
29.6400 79.1000
30.1700 78.8800
31.0400 78.7800
30.5500 78.6600
30.9600 78.4200
30.4600 78.4000
30.2100 78.3400
29.5900 78.3400
30.7900 78.1400
30.1900 78.7100
41.5380 109.9580
42.2730 109.8950
41.1430 109.5870
41.7840 109.5840
42.0100 109.3110
41.8910 108.6650
41.7800 108.4760
42.2840 108.3900
42.2160 107.9920
42.1020 107.6440
41.8090 107.5180
41.0520 107.4940
40.6360 107.1870
41.7510 107.0240
42.1300 106.8640
40.8380 106.8500
40.0980 106.8290
41.4900 106.6310
40.6020 106.3480
41.1630 106.3310
39.3780 106.2890
41.8680 106.2350
41.4000 106.1870
41.0010 105.9300
41.5650 105.8550
40.6950 105.8060
40.1550 105.5120
41.6760 105.4420
40.4520 105.3730
39.7510 105.0640
39.8910 105.0290
41.5590 104.9400
40.7930 104.8640
41.1240 104.8430
40.3390 104.2950
41.2120 104.1990
39.4650 103.9820
40.1570 103.9750
39.0440 103.6030
41.7330 103.4770
39.7830 103.3900
41.8290 103.1960
39.5610 103.0420
38.8840 102.7990
42.0490 102.5690
39.3370 102.1420
39.0230 102.0030
42.1000 101.9180
42.0800 101.6510
39.2990 101.2640
36.6870 101.7230
41.8600 100.5870
39.7890 100.5440
41.4030 100.4130
41.0880 100.2870
40.0780 100.1690
41.8390 100.0480
40.8760 99.9600
40.2410 99.8810
40.5750 99.6620
40.4180 99.4060
40.3060 99.5180
36.4230 103.3990
37.1330 102.2850
37.9430 101.7380
29.2800 102.2900
28.9600 103.0800
29.0000 103.4500
29.0300 103.5200
29.0800 103.5600
29.1100 103.5700
29.1400 103.6600
29.3600 104.7700
30.4200 103.4580
31.4700 106.5980
31.5110 105.5490
31.1200 106.7920
31.2740 105.7770
31.6470 108.2460
30.4640 106.6610
30.5880 106.9210
28.0590 105.7470
28.8150 105.8260
27.9260 106.0780
30.7800 106.6780
30.5000 106.0380
31.0250 107.9320
28.9110 105.5210
27.8830 105.6040
30.8590 106.1830
30.5750 107.3650
31.7320 106.3320
31.2890 107.1000
30.8330 106.9580
30.6790 106.4740
30.3430 106.2840
31.3680 107.7160
30.9760 107.4170
30.7840 106.1070
29.7510 105.2130
30.3460 105.4630
30.4140 103.9780
30.6020 105.2060
31.5820 104.4850
29.1020 104.6150
30.1900 103.2640
30.4460 103.6600
28.6150 104.9300
28.2710 104.8190
31.0900 104.3780
31.3330 104.8370
28.9960 104.2810
28.4480 104.5380
30.9880 104.2830
30.8540 105.0760
28.5590 105.3410
30.1770 105.1640
28.8640 104.9660
31.7470 104.6850
30.7490 104.5650
30.9360 103.6520
30.2470 103.0040
29.3660 105.1730
30.2850 104.9150
30.4110 105.1670
31.1610 103.8320
30.5570 104.2670
29.2420 104.2300
31.5420 104.6860
31.3320 104.2340
29.5720 105.0360
31.9470 104.9880
31.4140 105.0850
29.1470 103.5290
31.0860 103.9810
30.2110 103.4810
29.1010 105.0650
30.4140 104.6580
29.8380 103.8250
30.0470 104.1420
31.1090 105.1120
30.8770 105.3830
29.4440 103.5630
29.1460 105.3330
30.7030 103.8110
29.6060 103.0740
29.9890 104.8830
30.8330 104.1810
28.3420 105.1770
29.9310 103.5530
32.2150 105.1900
30.1360 104.6340
29.8030 104.8640
37.0583 70.4392
37.1512 70.1991
36.9909 70.8949
39.4947 72.6679
36.7191 71.5945
37.1260 70.5761
37.0836 70.5947
38.7334 70.3533
38.7770 70.3262
38.4467 70.8109
38.4664 71.0280
38.3146 71.2691
38.5761 70.7669
36.9356 70.7358
39.6398 73.2433
39.7985 73.2297
39.9251 73.4260
37.5616 71.4968
36.9499 72.3213
41.7550 109.9660
27.8800 102.3800
34.8300 92.9400
42.8760 74.5940
41.0800 107.0600
